# SVD circulo unitariocirculo y producto por matriz
3.4247174585e-02 9.9941339346e-01
-1.1040169205e-02 9.9993905547e-01
7.7071423138e-01 -6.3718095824e-01
-8.8158165285e-01 4.7203155547e-01
-2.7694555486e-01 9.6088561215e-01
7.8370389327e-01 -6.2113461317e-01
-6.3760621830e-01 -7.7036245391e-01
-9.0176888284e-01 4.3221855808e-01
-7.4693657628e-01 -6.6489529327e-01
-3.2315176369e-01 -9.4634715492e-01
-9.9632104303e-01 -8.5699353629e-02
9.6191498260e-01 -2.7334879962e-01
-9.9680920017e-01 -7.9821165429e-02
9.8180551260e-01 1.8988927151e-01
-9.8878765980e-01 1.4932837580e-01
-8.4357155582e-01 -5.3701678765e-01
7.0987253388e-01 -7.0433016807e-01
6.2250615891e-01 7.8261490027e-01
-7.6578451737e-01 -6.4309725000e-01
7.8063086749e-01 -6.2499235893e-01
-9.7530820233e-01 -2.2084816159e-01
8.6729853874e-01 4.9778835332e-01
9.9927968123e-01 -3.7948895576e-02
-6.1063437085e-01 7.9191266257e-01
-3.6150312734e-01 9.3237089665e-01
6.9451345463e-01 -7.1947971572e-01
-8.9359049012e-01 -4.4888309832e-01
-8.4792348057e-02 9.9639864397e-01
-6.5051102890e-01 -7.5949680794e-01
-9.4892889723e-01 -3.1549001253e-01
-8.1104168022e-01 -5.8498836992e-01
6.6383295415e-01 7.4788087887e-01
8.9433667488e-01 4.4739458196e-01
-9.9249290466e-01 1.2230222484e-01
5.8615141436e-01 -8.1020153014e-01
-2.7996013595e-01 9.6001162612e-01
-7.9207285272e-01 -6.1042656887e-01
8.7159934153e-01 -4.9021891828e-01
-9.7091482142e-01 -2.3942516481e-01
8.1737127260e-01 -5.7611127635e-01
5.5837813971e-01 -8.2958655551e-01
-9.9988601889e-01 -1.5097987800e-02
-6.7873433870e-01 7.3438388971e-01
3.0366095605e-01 -9.5278015500e-01
8.3359167830e-01 -5.5238113098e-01
-4.9530118025e-01 8.6872132519e-01
6.8148513911e-01 7.3183195146e-01
-5.1435529844e-01 -8.5757718426e-01
9.8270134632e-01 -1.8519736486e-01
7.8101776405e-01 -6.2450880878e-01
-6.9607403394e-01 -7.1797001279e-01
-9.5767412264e-01 2.8785460710e-01
8.8218943288e-01 4.7089468517e-01
-7.6122926350e-01 -6.4848285127e-01
-4.2507720554e-01 9.0515709649e-01
9.3454471351e-01 -3.5584572282e-01
6.4185663979e-01 -7.6682465659e-01
2.2845163294e-01 9.7355526366e-01
-3.5316366922e-01 9.3556155476e-01
2.4777184174e-02 -9.9969299845e-01
-9.9246902185e-01 -1.2249588018e-01
6.3259684713e-02 9.9799710034e-01
-6.9408853138e-01 7.1988965168e-01
-5.3974923266e-01 -8.4182585245e-01
-9.3109254263e-01 3.6478305479e-01
7.2601580267e-01 -6.8767801643e-01
-8.0557038740e-01 5.9250008518e-01
-1.3480171756e-01 -9.9087259370e-01
-8.9476910514e-01 4.4652911270e-01
8.9165496392e-01 4.5271561197e-01
-9.9895662356e-01 4.5669073146e-02
-6.9436083615e-01 7.1962700701e-01
-1.7548626099e-01 -9.8448188008e-01
9.9244332591e-01 1.2270389092e-01
-4.5156913345e-01 -8.9223613338e-01
9.9745299096e-01 7.1326929151e-02
9.7854640828e-01 2.0602651974e-01
-9.0366207252e-01 4.2824625939e-01
-8.0309935597e-01 5.9584513461e-01
1.1250805918e-01 -9.9365081222e-01
5.3134017018e-01 -8.4715855868e-01
-3.3319956194e-01 9.4285632624e-01
-8.3827188644e-01 -5.4525245933e-01
-2.2735754237e-01 -9.7381135130e-01
-9.8879485171e-01 1.4928074636e-01
-5.2667380859e-01 -8.5006746753e-01
5.8347463026e-01 8.1213136612e-01
-4.7355225583e-01 -8.8076572424e-01
-7.3481710544e-01 6.7826530322e-01
-3.9260889652e-01 9.1970552590e-01
3.6423064851e-01 -9.3130877516e-01
4.9171729698e-01 -8.7075490229e-01
8.8705115522e-01 4.6167114705e-01
8.1957791506e-01 5.7296774878e-01
-7.4641339463e-01 -6.6548256500e-01
-6.9216661439e-01 -7.2173774872e-01
9.3710253809e-01 3.4905419795e-01
-1.3654898261e-01 -9.9063332033e-01
9.9993073458e-01 -1.1769708369e-02
-6.1246602927e-01 7.9049690890e-01
4.1043804370e-01 9.1188848676e-01
7.0794490243e-01 -7.0626766536e-01
-9.9952394489e-01 3.0852610669e-02
9.0499839925e-01 4.2541497076e-01
-9.8857057157e-01 -1.5075883064e-01
1.2331534486e-01 -9.9236753561e-01
9.8086670459e-01 -1.9468052760e-01
3.5592698576e-01 -9.3451376705e-01
2.1481909373e-01 -9.7665385730e-01
8.4980913155e-02 -9.9638257933e-01
4.8724708977e-01 -8.7326414876e-01
9.7621603019e-01 2.1680005165e-01
3.1643608752e-01 -9.4861383213e-01
-9.5796549093e-01 -2.8688345750e-01
-9.5941652960e-01 -2.8199277072e-01
-5.9676507670e-01 8.0241600385e-01
-9.0019732005e-01 -4.3548224415e-01
-6.8415159868e-01 -7.2933983164e-01
9.8724446923e-01 1.5921167665e-01
-9.5929287036e-01 2.8241315281e-01
-9.9854692910e-01 5.3889056287e-02
-8.2409198529e-01 5.6645599986e-01
9.9515323176e-01 9.8336388565e-02
-7.8244605126e-01 6.2271837685e-01
-8.4956503034e-01 5.2748389475e-01
9.7806945932e-01 2.0827897815e-01
-8.8683101686e-01 4.6209387307e-01
-8.7767483330e-01 4.7925659828e-01
-7.8105778749e-01 6.2445875172e-01
-5.5015461803e-01 -8.3506280977e-01
-1.6768872357e-01 9.8583999310e-01
-5.1938148495e-01 8.5454249344e-01
5.3822632951e-01 -8.4280034304e-01
8.2038757703e-01 5.7180785536e-01
-5.4866324847e-01 -8.3604344372e-01
-9.1144143745e-02 9.9583771020e-01
9.1473196307e-01 -4.0406117821e-01
-7.8254861283e-01 6.2258948639e-01
2.7973758226e-01 -9.6007649959e-01
-7.7411665716e-01 -6.3304296941e-01
9.0971695319e-01 -4.1522893092e-01
8.1920874922e-01 -5.7349544480e-01
4.5289331134e-01 -8.9156471921e-01
9.3891921224e-01 3.4413763654e-01
5.1919278055e-01 8.5465715736e-01
9.5212226408e-01 3.0571750725e-01
-9.9373755680e-01 -1.1173928678e-01
-8.7492712359e-01 -4.8425461114e-01
4.3252983009e-01 -9.0161962383e-01
-2.3225185727e-02 9.9973025899e-01
-9.6135226311e-01 2.7532131450e-01
8.0857081011e-01 5.8839888259e-01
-6.1181599698e-01 -7.9100011747e-01
7.7038904485e-01 6.3757408948e-01
-4.4292333896e-01 8.9655948816e-01
9.6157334285e-02 -9.9536614724e-01
-1.4195297495e-01 9.8987340246e-01
9.8106908703e-01 -1.9365806585e-01
-2.1817212057e-01 9.7591030623e-01
5.7679201631e-01 -8.1689103920e-01
2.4730223331e-02 9.9969416126e-01
-7.9736396546e-01 -6.0349872128e-01
9.5393770057e-01 3.0000477236e-01
7.4408778519e-01 -6.6808185720e-01
8.3235571240e-01 -5.5424179563e-01
9.8898622984e-01 -1.4800755788e-01
8.5901087315e-01 5.1195734178e-01
-8.5265070182e-01 -5.2248136875e-01
2.8954378867e-03 -9.9999580821e-01
9.9976111156e-01 2.1856802332e-02
-9.9957139564e-01 -2.9274989753e-02
-1.7545509080e-01 9.8448743573e-01
6.5234764936e-01 -7.5791987992e-01
5.2340809486e-01 8.5208213585e-01
7.0725565191e-01 7.0695787911e-01
-1.2671503532e-01 9.9193916135e-01
1.8763766810e-01 9.8223831401e-01
-6.7186897674e-01 7.4067001970e-01
9.8914934348e-01 -1.4691349935e-01
-1.4435671687e-03 9.9999895806e-01
8.5715628174e-01 -5.1505641310e-01
-9.9614735071e-01 -8.7695243137e-02
7.9261921763e-01 6.0971696372e-01
-9.9093772533e-01 1.3432209244e-01
-3.8016749066e-01 9.2491766068e-01
-9.9365684810e-01 1.1245473856e-01
8.2882682697e-01 5.5950521973e-01
-9.8911411875e-01 1.4715046753e-01
9.8270190079e-01 -1.8519442265e-01
8.4086589409e-01 5.4124352020e-01
-3.4840688942e-01 -9.3734339460e-01
-9.2217646000e-01 -3.8676941014e-01
-9.9588244108e-01 -9.0654087290e-02
9.4450898255e-01 3.2848558855e-01
-9.2137115868e-01 -3.8868391779e-01
9.9348498726e-01 -1.1396306457e-01
-8.1059589978e-01 -5.8560591463e-01
-6.0603268649e-01 7.9543974184e-01
1.5926599543e-01 9.8723570777e-01
-9.6992938879e-01 2.4338648433e-01
