# SVD Matriz por circulo unitariocirculo y producto por matriz
1.3698869834e-01 5.0998084911e+00    
-4.4160676819e-02 4.9665747698e+00
3.0828569255e+00 -8.7376209706e-01
-3.5263266114e+00 -2.8458718117e-01
-1.1077822194e+00 3.9735913962e+00
3.1348155731e+00 -7.5456138603e-01
-2.5504248732e+00 -5.7646309244e+00
-3.6070755313e+00 -5.4421385813e-01
-2.9877463051e+00 -5.5652861952e+00
-1.2926070547e+00 -5.7011910657e+00
-3.9852841721e+00 -3.4174598972e+00
3.8476599304e+00 1.5190009497e+00
-3.9872368007e+00 -3.3895334277e+00
3.9272220504e+00 3.8948628953e+00
-3.9551506392e+00 -2.2197211004e+00
-3.3742862233e+00 -5.2157986057e+00
2.8394901355e+00 -1.3920332387e+00
2.4900246356e+00 5.7805929781e+00
-3.0631380695e+00 -5.5128398021e+00
3.1225234700e+00 -7.8306919218e-01
-3.9012328093e+00 -4.0301654149e+00
3.4691941550e+00 5.0908373828e+00
3.9971187249e+00 2.8080945658e+00
-2.4425374834e+00 2.1276602003e+00
-1.4460125094e+00 3.5773451012e+00
2.7780538185e+00 -1.5138582147e+00
-3.5743619605e+00 -4.9251869620e+00
-3.3916939223e-01 4.7276161757e+00
-2.6020441156e+00 -5.7490171264e+00
-3.7957155889e+00 -4.4242367543e+00
-3.2441667209e+00 -5.3580668903e+00
2.6553318166e+00 5.7309032568e+00
3.5773466995e+00 4.9199829344e+00
-3.9699716186e+00 -2.3659675898e+00
2.3446056574e+00 -2.2925534076e+00
-1.1198405438e+00 3.9601777227e+00
-3.1682914109e+00 -5.4283514025e+00
3.4863973661e+00 1.6370343318e-01
-3.8836592857e+00 -4.1098702883e+00
3.2694850904e+00 -4.2844256395e-01
2.2335125589e+00 -2.4727983584e+00
-3.9995440755e+00 -3.0751479957e+00
-2.7149373548e+00 1.6357164325e+00
1.2146438242e+00 -3.8529179069e+00
3.3343667132e+00 -2.6113061999e-01
-1.9812047210e+00 2.8577030852e+00
2.7259405564e+00 5.7036151746e+00
-2.0574211937e+00 -5.8309518166e+00
3.9308053853e+00 2.0221172147e+00
3.1240710562e+00 -7.7949075173e-01
-2.7842961358e+00 -5.6780721658e+00
-3.8306964906e+00 -1.4337493324e+00
3.5287577315e+00 5.0010417245e+00
-3.0449170540e+00 -5.5261020468e+00
-1.7003088222e+00 3.2505538658e+00
3.7381788540e+00 1.0244055264e+00
2.5674265592e+00 -1.9085533636e+00
9.1380653175e-01 5.5531312171e+00
-1.4126546769e+00 3.6183167661e+00
9.9108736695e-02 -4.9241334397e+00
-3.9698760874e+00 -3.5898864665e+00
2.5303873885e-01 5.1797645558e+00
-2.7763541255e+00 1.5171826643e+00
-2.1589969306e+00 -5.8283769602e+00
-3.7243701705e+00 -9.6936235392e-01
2.9040632107e+00 -1.2603426741e+00
-3.2222815496e+00 5.4578926372e-01
-5.3920687025e-01 -5.3587681212e+00
-3.5790764206e+00 -4.5166175195e-01
3.5666198557e+00 4.9385429516e+00
-3.9958264942e+00 -2.7685245050e+00
-2.7774433446e+00 1.5150525266e+00
-7.0194504394e-01 -5.4488681834e+00
3.9697733037e+00 3.5908494324e+00
-1.8062765338e+00 -5.8158880673e+00
3.9898119638e+00 3.3489936186e+00
3.9141856331e+00 3.9657718235e+00
-3.6146482901e+00 -5.6975492060e-01
-3.2123974239e+00 5.6992760512e-01
4.5003223671e-01 -4.6307298836e+00
2.1253606807e+00 -2.6417722829e+00
-1.3327982478e+00 3.7146829454e+00
-3.3530875457e+00 -5.2410779560e+00
-9.0943016948e-01 -5.5511293836e+00
-3.9551794068e+00 -2.2199808233e+00
-2.1066952344e+00 -5.8303587634e+00
2.3338985210e+00 5.8110807214e+00
-1.8942090233e+00 -5.8244853887e+00
-2.9392684217e+00 1.1868751998e+00
-1.5704355861e+00 3.4207009400e+00
1.4569225940e+00 -3.5638519303e+00
1.9668691879e+00 -2.8786226205e+00
3.5482046209e+00 4.9695092009e+00
3.2783116602e+00 5.3235724891e+00
-2.9856535785e+00 -5.5666530089e+00
-2.7686664576e+00 -5.6851885868e+00
3.7484101524e+00 4.5565786040e+00
-5.4619593044e-01 -5.3628135495e+00
3.9997229383e+00 2.9409436619e+00
-2.4498641171e+00 2.1150864567e+00
1.6417521748e+00 5.7907565649e+00
2.8317796097e+00 -1.4075036195e+00
-3.9980957796e+00 -2.8443087813e+00
3.6199935970e+00 4.8420700516e+00
-3.9542822863e+00 -3.7195058679e+00
4.9326137942e-01 -4.5918916435e+00
3.9234668184e+00 1.9691974758e+00
1.4237079430e+00 -3.6047878780e+00
8.5927637492e-01 -4.2388120053e+00
3.3992365262e-01 -4.7269701572e+00
1.9489883591e+00 -2.9045794745e+00
3.9048641208e+00 4.0126483488e+00
1.2657443501e+00 -3.7937608981e+00
-3.8318619637e+00 -4.3083137603e+00
-3.8376661184e+00 -4.2882134424e+00
-2.3870603068e+00 2.2217847891e+00
-3.6007892802e+00 -4.8780031809e+00
-2.7366063947e+00 -5.6991539543e+00
3.9489778769e+00 3.7577917909e+00
-3.8371714814e+00 -1.4658128470e+00
-3.9941877164e+00 -2.7261955059e+00
-3.2963679412e+00 3.6000404345e-01
3.9806129270e+00 3.4771416381e+00
-3.1297842051e+00 7.6625373045e-01
-3.3982601214e+00 8.8724382720e-02
3.9122778373e+00 3.9756032687e+00
-3.5473240675e+00 -3.5002368524e-01
-3.5106993332e+00 -2.3674150851e-01
-3.1242311500e+00 7.7912039611e-01
-2.2006184721e+00 -5.8257779029e+00
-6.7075489428e-01 4.4261337948e+00
-2.0775259398e+00 2.7145680123e+00
2.1529053180e+00 -2.5993227266e+00
3.2815503081e+00 5.3202020079e+00
-2.1946529939e+00 -5.8262069640e+00
-3.6457657498e-01 4.7057561198e+00
3.6589278523e+00 7.2388999818e-01
-3.1301944513e+00 7.6530159346e-01
1.1189503290e+00 -3.9611697512e+00
-3.0964666286e+00 -5.4875648185e+00
3.6388678128e+00 6.5300620497e-01
3.2768349969e+00 -4.0985097634e-01
1.8115732454e+00 -3.0991436620e+00
3.7556768490e+00 4.5374458194e+00
2.0767711222e+00 5.8308641284e+00
3.8084890563e+00 4.3849543285e+00
-3.9749502272e+00 -3.5399091043e+00
-3.4997084944e+00 -5.0460544264e+00
1.7301193204e+00 -3.2105086289e+00
-9.2900742907e-02 4.9289757378e+00
-3.8454090524e+00 -1.5074502168e+00
3.2342832404e+00 5.3677068433e+00
-2.4472639879e+00 -5.7904485783e+00
3.0815561794e+00 5.4990375820e+00
-1.7716933559e+00 3.1540274239e+00
3.8462933714e-01 -4.6883587333e+00
-5.6781189981e-01 4.5235080874e+00
3.9242763481e+00 1.9749169318e+00
-8.7268848229e-01 4.2250351694e+00
2.3071680652e+00 -2.3540791471e+00
9.8920893323e-02 5.0726614763e+00
-3.1894558619e+00 -5.4095855028e+00
3.8157508023e+00 4.3618369635e+00
2.9763511408e+00 -1.1081459304e+00
3.3294228496e+00 -2.7414184096e-01
3.9559449194e+00 2.2269209001e+00
3.4360434926e+00 5.1368193284e+00
-3.4106028073e+00 -5.1703589492e+00
1.1581751547e-02 -4.9912927274e+00
3.9990444462e+00 3.1085673463e+00
-3.9982855825e+00 -3.1450891357e+00
-7.0182036321e-01 4.3960719062e+00
2.6093905974e+00 -1.8325564515e+00
2.0936323794e+00 5.8306349638e+00
2.8290226077e+00 5.6565563513e+00
-5.0686014129e-01 4.5795507008e+00
7.5055067240e-01 5.4741045743e+00
-2.6874759070e+00 1.6877431683e+00
3.9565973739e+00 2.2328805337e+00
-5.7742686750e-03 4.9956640888e+00
3.4286251269e+00 -3.8132203165e-03
-3.9845894028e+00 -3.4269182678e+00
3.1704768705e+00 5.4264424715e+00
-3.9637509013e+00 -2.3012027138e+00
-1.5206699626e+00 3.4840858314e+00
-3.9746273924e+00 -2.4186968515e+00
3.3153073079e+00 5.2840065795e+00
-3.9564564750e+00 -2.2315900186e+00
3.9308076032e+00 2.0221335891e+00
3.3634635764e+00 5.2288152833e+00
-1.3936275577e+00 -5.7319376413e+00
-3.6887058400e+00 -4.7003764307e+00
-3.9835297643e+00 -3.4409177597e+00
3.7780359302e+00 4.4759548904e+00
-3.6854846347e+00 -4.7075330650e+00
3.9739399490e+00 2.4106396390e+00
-3.2423835991e+00 -5.3598172725e+00
-2.4241307460e+00 2.1591006497e+00
6.3706398172e-01 5.4139765251e+00
-3.8797175552e+00 -1.6928557447e+00
